734929.064087     7.92     7.93    10.05    10.05    16.20    16.20    23.54    23.55    90.00   190.00     0.00     0.16     0.15     0.13     0.14     0.15     0.15     0.19     0.17     0.00     0.00
734929.230782     8.40     8.40    10.72    10.72    17.44    17.44    25.25    25.25    90.00   190.00     0.00     0.15     0.14     0.10     0.10     0.14     0.14     0.24     0.24     0.00     0.00
734929.730826    10.14    10.14    12.42    12.41    19.30    19.30    27.02    27.01    90.00   190.00     0.00     0.16     0.16     0.24     0.24     0.52     0.53     0.68     0.67     0.00     0.00
734929.897413     9.55     9.55    10.89    10.88    16.09    16.09    25.55    25.55    90.00   190.00     0.00     0.14     0.16     0.11     0.10     0.19     0.19     0.20     0.17     0.00     0.00
734930.064128     9.06     9.05    11.09    11.10    16.25    16.25    25.75    25.75    90.00   190.00     0.00     0.17     0.17     0.19     0.19     0.27     0.27     0.38     0.37     0.00     0.00
734930.230794     8.92     8.91    10.92    10.92    16.54    16.54    25.05    25.05    90.00   190.00     0.00     0.15     0.15     0.08     0.09     0.16     0.16     0.17     0.16     0.00     0.00
734930.397430     9.75     9.74    10.65    10.65    14.39    14.39    24.72    24.72    90.00   190.00     0.00     0.19     0.17     0.10     0.11     0.16     0.15     0.17     0.15     0.00     0.00
734930.562632    10.11    10.10    12.20    12.19    16.72    16.72    28.89    28.89    90.00   190.00     0.00     0.29     0.30     0.62     0.61     0.78     0.79     1.98     1.98     0.00     0.00
734930.730775     9.28     9.28    10.78    10.78    14.67    14.68    25.52    25.52    90.00   190.00     0.00     0.16     0.16     0.09     0.11     0.13     0.13     0.17     0.16     0.00     0.00
734930.897394     8.19     8.18     9.54     9.54    12.52    12.52    23.93    23.93    90.00   190.00     0.00     0.16     0.15     0.11     0.12     0.15     0.14     0.22     0.19     0.00     0.00
734931.064172     7.86     7.85     9.38     9.39    12.54    12.54    23.28    23.28    90.00   190.00     0.00     0.17     0.16     0.09     0.09     0.12     0.12     0.16     0.15     0.00     0.00
734931.230723     7.46     7.46     8.89     8.89    11.66    11.66    22.59    22.59    90.00   190.00     0.00     0.17     0.17     0.09     0.09     0.12     0.11     0.19     0.15     0.00     0.00
734931.397458     8.85     8.86     9.53     9.53    12.32    12.32    22.99    22.99    90.00   190.00     0.00     0.16     0.15     0.14     0.14     0.13     0.12     0.19     0.18     0.00     0.00
734931.564058     9.04     9.04     9.91     9.91    12.87    12.87    23.95    23.95    90.00   190.00     0.00     0.16     0.15     0.11     0.12     0.16     0.16     0.22     0.21     0.00     0.00
734931.730780     8.83     8.83    10.41    10.40    13.71    13.71    25.44    25.44    90.00   190.00     0.00     0.21     0.20     0.26     0.27     0.34     0.33     0.58     0.57     0.00     0.00
734931.897434     7.57     7.57     9.38     9.37    13.38    13.38    23.28    23.28    90.00   190.00     0.00     0.20     0.19     0.16     0.17     0.14     0.13     0.30     0.28     0.00     0.00
734932.064115     6.72     6.73     9.20     9.20    13.76    13.76    22.41    22.42    90.00   190.00     0.00     0.16     0.16     0.11     0.12     0.12     0.11     0.22     0.18     0.00     0.00
734932.230830     5.87     5.87     8.81     8.80    13.95    13.94    21.25    21.26    90.00   190.00     0.00     0.17     0.20     0.07     0.08     0.14     0.13     0.21     0.17     0.00     0.00
734932.397565     7.63     7.63     9.65     9.65    15.22    15.22    21.77    21.78    90.00   190.00     0.00     0.16     0.16     0.12     0.11     0.12     0.10     0.18     0.13     0.00     0.00
734932.564064     8.72     8.72    10.23    10.23    15.55    15.55    23.01    23.01    90.00   190.00     0.00     0.16     0.16     0.08     0.07     0.13     0.13     0.17     0.13     0.00     0.00
734932.730703     6.81     6.82     9.25     9.25    14.55    14.55    22.45    22.46    90.00   190.00     0.00     0.15     0.15     0.09     0.10     0.13     0.12     0.18     0.15     0.00     0.00
734932.897498     5.81     5.82     8.51     8.51    13.42    13.42    21.03    21.03    90.00   190.00     0.00     0.17     0.18     0.09     0.08     0.15     0.14     0.22     0.18     0.00     0.00
734933.064147     5.62     5.63     8.03     8.02    11.99    12.00    20.00    20.00    90.00   190.00     0.00     0.20     0.20     0.10     0.12     0.15     0.15     0.19     0.15     0.00     0.00
734933.231042     8.12     8.12     7.58     7.57    11.58    11.57    19.39    19.39    90.00   190.00     0.00     0.18     0.18     0.09     0.10     0.16     0.14     0.18     0.14     0.00     0.00
734933.397583     9.96     9.98     8.59     8.59    13.02    13.02    20.30    20.31    90.00   190.00     0.00     0.16     0.18     0.11     0.11     0.12     0.11     0.27     0.23     0.00     0.00
734933.564104    11.35    11.34     9.31     9.30    13.92    13.92    21.68    21.69    90.00   190.00     0.00     0.14     0.15     0.09     0.09     0.14     0.13     0.16     0.14     0.00     0.00
734933.730736     9.82     9.82     8.65     8.65    13.18    13.18    21.59    21.60    90.00   190.00     0.00     0.15     0.15     0.10     0.08     0.13     0.12     0.17     0.15     0.00     0.00
734933.897485     9.45     9.45     8.38     8.38    12.82    12.82    20.81    20.81    90.00   190.00     0.00     0.15     0.15     0.11     0.11     0.14     0.13     0.16     0.14     0.00     0.00
734934.064130     9.17     9.16     8.21     8.21    12.42    12.42    20.32    20.32    90.00   190.00     0.00     0.16     0.15     0.10     0.11     0.13     0.13     0.19     0.15     0.00     0.00
734934.231010     8.06     8.06     8.00     8.00    12.33    12.32    19.91    19.91    90.00   190.00     0.00     0.16     0.15     0.11     0.12     0.15     0.14     0.22     0.18     0.00     0.00
734934.397513    10.04    10.04     8.35     8.34    11.90    11.90    20.17    20.18    90.00   190.00     0.00     0.15     0.15     0.10     0.11     0.11     0.10     0.13     0.13     0.00     0.00
734934.564087    10.55    10.55     9.03     9.03    13.47    13.48    21.70    21.70    90.00   190.00     0.00     0.15     0.17     0.09     0.10     0.11     0.12     0.16     0.13     0.00     0.00
734934.730718     9.39     9.39     8.53     8.52    13.00    13.01    21.46    21.46    90.00   190.00     0.00     0.16     0.18     0.07     0.09     0.13     0.13     0.20     0.17     0.00     0.00
734934.897434     9.20     9.20     8.48     8.48    12.90    12.90    21.06    21.06    90.00   190.00     0.00     0.16     0.18     0.13     0.14     0.12     0.11     0.18     0.15     0.00     0.00
734935.064069     8.81     8.81     7.89     7.89    11.52    11.52    20.33    20.33    90.00   190.00     0.00     0.19     0.18     0.17     0.17     0.13     0.12     0.20     0.17     0.00     0.00
734935.230777     8.59     8.59     8.16     8.15    12.70    12.70    20.26    20.28    90.00   190.00     0.00     0.20     0.18     0.09     0.09     0.14     0.13     0.21     0.18     0.00     0.00
734935.397463    10.39    10.38     8.94     8.94    13.40    13.40    20.98    20.99    90.00   190.00     0.00     0.14     0.16     0.11     0.13     0.11     0.10     0.16     0.13     0.00     0.00
734935.564157    10.89    10.89     9.11     9.10    13.58    13.58    21.79    21.79    90.00   190.00     0.00     0.20     0.19     0.07     0.07     0.11     0.12     0.16     0.16     0.00     0.00
734935.730760     9.65     9.65     8.73     8.73    13.48    13.47    21.73    21.73    90.00   190.00     0.00     0.18     0.17     0.08     0.08     0.14     0.14     0.20     0.17     0.00     0.00
734935.897455     9.40     9.40     8.73     8.73    13.71    13.71    21.41    21.41    90.00   190.00     0.00     0.18     0.20     0.08     0.08     0.12     0.11     0.18     0.16     0.00     0.00
734936.064170     9.51     9.51     8.85     8.84    13.40    13.40    22.10    22.11    90.00   190.00     0.00     0.17     0.18     0.13     0.13     0.15     0.14     0.24     0.22     0.00     0.00
734936.230783     9.93     9.93    10.15    10.15    15.83    15.83    25.26    25.27    90.00   190.00     0.00     0.17     0.17     0.09     0.09     0.13     0.13     0.26     0.24     0.00     0.00
734936.397428    10.88    10.88    11.09    11.09    17.35    17.35    26.65    26.66    90.00   190.00     0.00     0.16     0.17     0.18     0.18     0.29     0.30     0.61     0.61     0.00     0.00
734936.564110    11.40    11.40    12.93    12.93    20.95    20.95    29.81    29.81    90.00   190.00     0.00     0.16     0.16     0.25     0.24     0.26     0.25     0.68     0.67     0.00     0.00
734936.727413    10.73    10.75    11.78    11.77    20.16    20.15    26.86    26.89    90.00   190.00     0.00     0.16     0.19     0.24     0.22     0.25     0.24     0.39     0.29     0.00     0.00
734936.897469    12.75    12.75    16.86    16.86    25.49    25.49    41.82    41.82    90.00   190.00     0.00     0.19     0.18     0.38     0.38     0.50     0.48     1.14     1.13     0.00     0.00
734937.064324    11.52    11.52    19.85    19.84    28.71    28.71    50.42    50.42    90.00   190.00     0.00     0.37     0.38     0.93     0.92     1.05     1.06     2.57     2.56     0.00     0.00
734937.230789    11.52    11.53    19.37    19.37    26.25    26.25    51.05    51.05    90.00   190.00     0.00     0.19     0.20     0.39     0.38     0.41     0.42     0.90     0.90     0.00     0.00
734937.397389    11.16    11.17    18.96    18.95    26.78    26.78    48.65    48.65    90.00   190.00     0.00     0.38     0.39     0.92     0.91     1.08     1.08     2.76     2.77     0.00     0.00
734937.560479     8.90     8.91    13.77    13.78    22.27    22.27    31.03    31.04    90.00   190.00     0.00     0.28     0.32     0.47     0.48     0.58     0.59     1.14     1.13     0.00     0.00
         NaN      NaN      NaN      NaN      NaN      NaN      NaN      NaN      NaN      NaN      NaN      NaN      NaN      NaN      NaN      NaN      NaN      NaN      NaN      NaN      NaN      NaN
734938.230765    11.13    11.13    10.75    10.75    15.17    15.17    25.57    25.57    90.00   190.00     0.00     0.26     0.26     0.09     0.10     0.12     0.13     0.16     0.14     0.00     0.00
734938.397461    10.02    10.01    10.92    10.92    15.15    15.15    25.57    25.56    90.00   190.00     0.00     0.14     0.15     0.12     0.12     0.16     0.15     0.14     0.12     0.00     0.00
734938.564086     9.90     9.90    10.20    10.19    13.67    13.66    25.47    25.47    90.00   190.00     0.00     0.16     0.15     0.12     0.12     0.12     0.13     0.13     0.12     0.00     0.00
734938.730765     9.07     9.06     9.75     9.74    13.48    13.49    24.69    24.69    90.00   190.00     0.00     0.16     0.15     0.08     0.07     0.12     0.10     0.14     0.12     0.00     0.00
734938.897418     8.44     8.43     9.86     9.86    14.14    14.15    24.17    24.17    90.00   190.00     0.00     0.20     0.19     0.13     0.11     0.12     0.11     0.15     0.13     0.00     0.00
734939.064122     8.82     8.81    10.99    10.99    17.30    17.31    24.94    24.94    90.00   190.00     0.00     0.16     0.16     0.09     0.08     0.13     0.12     0.17     0.14     0.00     0.00
734939.230799     9.51     9.50    12.06    12.06    17.79    17.79    28.91    28.91    90.00   190.00     0.00     0.17     0.17     0.23     0.23     0.30     0.29     0.74     0.72     0.00     0.00
734939.397385     9.84     9.83    12.07    12.06    17.02    17.02    29.51    29.51    90.00   190.00     0.00     0.16     0.15     0.22     0.22     0.27     0.28     0.64     0.65     0.00     0.00
734939.564091     9.84     9.83    11.47    11.47    16.31    16.31    28.17    28.16    90.00   190.00     0.00     0.18     0.16     0.26     0.26     0.26     0.26     0.66     0.65     0.00     0.00
734939.730740     8.93     8.94    10.15    10.15    14.88    14.89    25.09    25.09    90.00   190.00     0.00     0.17     0.16     0.08     0.08     0.11     0.10     0.12     0.12     0.00     0.00
734939.897468     9.23     9.24    12.56    12.56    18.22    18.22    31.30    31.29    90.00   190.00     0.00     0.22     0.22     0.49     0.49     0.59     0.58     1.50     1.50     0.00     0.00
734940.064091     8.48     8.49    10.50    10.50    15.43    15.43    25.64    25.64    90.00   190.00     0.00     0.21     0.19     0.21     0.21     0.24     0.23     0.50     0.51     0.00     0.00
734940.230809     8.49     8.49     9.97     9.98    14.61    14.61    23.97    23.97    90.00   190.00     0.00     0.17     0.17     0.12     0.14     0.13     0.13     0.23     0.21     0.00     0.00
734940.397447     9.24     9.24    10.08    10.08    14.32    14.32    24.06    24.05    90.00   190.00     0.00     0.16     0.17     0.11     0.14     0.12     0.11     0.16     0.14     0.00     0.00
734940.564090     9.62     9.63    10.08    10.07    14.31    14.30    24.54    24.54    90.00   190.00     0.00     0.15     0.14     0.08     0.10     0.14     0.12     0.15     0.14     0.00     0.00
734940.730788     8.91     8.91    10.21    10.20    15.09    15.09    24.66    24.66    90.00   190.00     0.00     0.16     0.15     0.13     0.13     0.20     0.20     0.22     0.21     0.00     0.00
734940.897450     8.84     8.83    10.52    10.52    15.39    15.39    25.36    25.37    90.00   190.00     0.00     0.18     0.16     0.10     0.11     0.17     0.16     0.30     0.29     0.00     0.00
734941.064112     7.57     7.57     9.56     9.56    13.83    13.83    23.20    23.20    90.00   190.00     0.00     0.16     0.16     0.09     0.10     0.14     0.13     0.24     0.21     0.00     0.00
734941.230782     7.93     7.93     9.91     9.91    14.53    14.53    24.89    24.89    90.00   190.00     0.00     0.26     0.24     0.55     0.55     0.65     0.65     1.49     1.47     0.00     0.00
734941.397477     9.15     9.15     9.89     9.88    14.07    14.06    23.64    23.64    90.00   190.00     0.00     0.16     0.15     0.16     0.17     0.19     0.20     0.41     0.42     0.00     0.00
734941.564225     8.71     8.71     9.81     9.80    13.67    13.67    23.86    23.85    90.00   190.00     0.00     0.14     0.15     0.19     0.20     0.24     0.24     0.47     0.46     0.00     0.00
734941.730742     8.12     8.12     9.08     9.09    12.41    12.41    22.86    22.87    90.00   190.00     0.00     0.17     0.18     0.11     0.12     0.16     0.14     0.20     0.19     0.00     0.00
734941.897503     7.32     7.32     9.43     9.43    13.62    13.62    23.06    23.06    90.00   190.00     0.00     0.17     0.15     0.11     0.11     0.15     0.14     0.17     0.16     0.00     0.00
734942.064130     7.06     7.07     8.54     8.54    11.88    11.89    22.17    22.17    90.00   190.00     0.00     0.16     0.16     0.10     0.11     0.18     0.18     0.23     0.20     0.00     0.00
734942.230775     6.99     6.99     8.34     8.34    11.72    11.72    21.90    21.90    90.00   190.00     0.00     0.14     0.15     0.10     0.10     0.13     0.12     0.15     0.13     0.00     0.00
734942.397429     8.61     8.62     9.25     9.25    12.75    12.75    22.77    22.78    90.00   190.00     0.00     0.16     0.17     0.09     0.10     0.11     0.11     0.14     0.12     0.00     0.00
734942.564097     8.89     8.89     9.57     9.56    12.74    12.75    23.69    23.69    90.00   190.00     0.00     0.14     0.15     0.17     0.17     0.20     0.20     0.29     0.28     0.00     0.00
734942.730717     8.27     8.28     9.63     9.63    13.39    13.39    23.98    23.99    90.00   190.00     0.00     0.18     0.18     0.08     0.09     0.13     0.12     0.16     0.14     0.00     0.00
734942.897467     7.17     7.17     9.08     9.07    12.80    12.81    22.98    22.97    90.00   190.00     0.00     0.15     0.15     0.08     0.09     0.12     0.11     0.15     0.14     0.00     0.00
734943.064144     5.66     5.66     8.38     8.38    12.61    12.61    21.64    21.64    90.00   190.00     0.00     0.16     0.15     0.08     0.08     0.14     0.13     0.24     0.20     0.00     0.00
734943.230873     5.77     5.77     8.43     8.43    13.55    13.56    20.83    20.84    90.00   190.00     0.00     0.19     0.18     0.11     0.11     0.13     0.13     0.19     0.17     0.00     0.00
734943.397437     8.43     8.44    11.04    11.04    18.25    18.24    23.75    23.75    90.00   190.00     0.00     0.17     0.16     0.08     0.09     0.12     0.12     0.15     0.13     0.00     0.00
734943.562050     9.27     9.27    13.42    13.43    20.86    20.86    31.40    31.40    90.00   190.00     0.00     0.17     0.19     0.39     0.38     0.47     0.47     1.09     1.09     0.00     0.00
734943.730234     9.53     9.53    14.34    14.34    21.22    21.22    35.58    35.59    90.00   190.00     0.00     0.22     0.22     0.39     0.39     0.45     0.44     1.07     1.08     0.00     0.00
734943.897442     8.99     8.99    11.79    11.79    18.65    18.65    27.35    27.35    90.00   190.00     0.00     0.16     0.16     0.20     0.19     0.25     0.26     0.57     0.57     0.00     0.00
